%YAML:1.0
---
cameraMatrix: !!opencv-matrix
   rows: 3
   cols: 3
   dt: d
   data: [ 2.8880700683593750e+03, 0., 1.1486500244140625e+03, 0.,
       2.8880700683593750e+03, 1.5388845214843750e+03, 0., 0., 1. ]
R: !!opencv-matrix
   rows: 3
   cols: 3
   dt: d
   data: [ 9.4208633586986379e-01, 2.5828391122549683e-03,
       -3.3536049962602166e-01, 2.3220906218741715e-02,
       9.9706811251536209e-01, 7.2910688650112604e-02,
       3.3456557695267258e-01, -7.6475538227419260e-02,
       9.3926426886747461e-01 ]
T: !!opencv-matrix
   rows: 3
   cols: 1
   dt: d
   data: [ 1.3958032226562500e+02, -3.1732393264770508e+01,
       3.7016937255859375e+01 ]
imageSize: [ 2316, 3088 ]
distCoeffs: !!opencv-matrix
   rows: 1
   cols: 5
   dt: d
   data: [ 0., 0., 0., 0., 0. ]
