%YAML:1.0
---
cameraMatrix: !!opencv-matrix
   rows: 3
   cols: 3
   dt: d
   data: [ 2.8880700683593750e+03, 0., 1.1486500244140625e+03, 0.,
       2.8880700683593750e+03, 1.5388845214843750e+03, 0., 0., 1. ]
R: !!opencv-matrix
   rows: 3
   cols: 3
   dt: d
   data: [ 8.8632496385186144e-01, 2.8636981150282691e-02,
       4.6217743536827349e-01, -7.3027885968552211e-02,
       9.9424025599329446e-01, 7.8442598333764144e-02,
       -4.5726905244501337e-01, -1.0327747417993180e-01,
       8.8331125714724879e-01 ]
T: !!opencv-matrix
   rows: 3
   cols: 1
   dt: d
   data: [ -1.9705021667480469e+02, -3.7086891174316406e+01,
       5.5774932861328125e+01 ]
imageSize: [ 2316, 3088 ]
distCoeffs: !!opencv-matrix
   rows: 1
   cols: 5
   dt: d
   data: [ 0., 0., 0., 0., 0. ]
