%YAML:1.0
---
cameraMatrix: !!opencv-matrix
   rows: 3
   cols: 3
   dt: d
   data: [ 2.8880700683593750e+03, 0., 1.1486500244140625e+03, 0.,
       2.8880700683593750e+03, 1.5388845214843750e+03, 0., 0., 1. ]
R: !!opencv-matrix
   rows: 3
   cols: 3
   dt: d
   data: [ 3.6006597568522231e-01, -1.0870288166586022e-01,
       -9.2657227277281873e-01, 1.5676076184343093e-01,
       9.8611671462796802e-01, -5.4771239511351232e-02,
       9.1966219705939645e-01, -1.2552891558872270e-01,
       3.7210742353654175e-01 ]
T: !!opencv-matrix
   rows: 3
   cols: 1
   dt: d
   data: [ 4.4032492065429688e+02, 2.8608867645263672e+01,
       3.0549148559570313e+02 ]
imageSize: [ 2316, 3088 ]
distCoeffs: !!opencv-matrix
   rows: 1
   cols: 5
   dt: d
   data: [ 0., 0., 0., 0., 0. ]
