%YAML:1.0
---
cameraMatrix: !!opencv-matrix
   rows: 3
   cols: 3
   dt: d
   data: [ 2.8880700683593750e+03, 0., 1.1486500244140625e+03, 0.,
       2.8880700683593750e+03, 1.5388845214843750e+03, 0., 0., 1. ]
R: !!opencv-matrix
   rows: 3
   cols: 3
   dt: d
   data: [ 6.3712108398615830e-01, -9.8544247777648614e-02,
       -7.6443819604349950e-01, 1.3684781123214576e-01,
       9.9049830890036228e-01, -1.3629989966734349e-02,
       7.5851789754841892e-01, -9.5927739968476616e-02,
       6.4455292087094496e-01 ]
T: !!opencv-matrix
   rows: 3
   cols: 1
   dt: d
   data: [ 3.5963610839843750e+02, 1.0722418785095215e+01,
       1.7198130798339844e+02 ]
imageSize: [ 2316, 3088 ]
distCoeffs: !!opencv-matrix
   rows: 1
   cols: 5
   dt: d
   data: [ 0., 0., 0., 0., 0. ]
