%YAML:1.0
---
cameraMatrix: !!opencv-matrix
   rows: 3
   cols: 3
   dt: d
   data: [ 2.8880700683593750e+03, 0., 1.1486500244140625e+03, 0.,
       2.8880700683593750e+03, 1.5388845214843750e+03, 0., 0., 1. ]
R: !!opencv-matrix
   rows: 3
   cols: 3
   dt: d
   data: [ 5.9034250459542637e-01, 8.4334729632485159e-02,
       8.0273493797505446e-01, -1.8393012356508082e-01,
       9.8241657414948136e-01, 3.2052838902829527e-02,
       -7.8591694021272573e-01, -1.6656928952904940e-01,
       5.9547395818159399e-01 ]
T: !!opencv-matrix
   rows: 3
   cols: 1
   dt: d
   data: [ -3.5220657348632813e+02, -1.3918441772460938e+01,
       1.9889851379394531e+02 ]
imageSize: [ 2316, 3088 ]
distCoeffs: !!opencv-matrix
   rows: 1
   cols: 5
   dt: d
   data: [ 0., 0., 0., 0., 0. ]
