%YAML:1.0
---
cameraMatrix: !!opencv-matrix
   rows: 3
   cols: 3
   dt: d
   data: [ 2.8880700683593750e+03, 0., 1.1486500244140625e+03, 0.,
       2.8880700683593750e+03, 1.5388845214843750e+03, 0., 0., 1. ]
R: !!opencv-matrix
   rows: 3
   cols: 3
   dt: d
   data: [ 1.6996002294406568e-01, 9.4122639850034495e-02,
       9.8094572697398164e-01, -2.4743803889128946e-01,
       9.6761418727181858e-01, -4.9972007163319079e-02,
       -9.5388049959650878e-01, -2.3423004345719356e-01,
       1.8774525088948540e-01 ]
T: !!opencv-matrix
   rows: 3
   cols: 1
   dt: d
   data: [ -4.4307781982421875e+02, 2.7782993316650391e+01,
       4.0638549804687500e+02 ]
imageSize: [ 2316, 3088 ]
distCoeffs: !!opencv-matrix
   rows: 1
   cols: 5
   dt: d
   data: [ 0., 0., 0., 0., 0. ]
