%YAML:1.0
---
# Face tracker type: 0(Unknown) 1(ASM) 2(MT)
TrackerType: 1
ImageSize: [ 4096, 4096 ]
# Face feature points in image space. Invalid points have zero coordinates
Point2f: !!opencv-matrix
   rows: 1
   cols: 77
   dt: "2f"
   data: [ 1.50730383e+03, 1.24746814e+03, 1.48691443e+03,
       1.43998230e+03, 1.49371082e+03, 1.59493250e+03, 1.50050732e+03,
       1.74518750e+03, 1.62284363e+03, 1.96117883e+03, 1.87129199e+03,
       2.07856543e+03, 2.03440710e+03, 2.11143359e+03, 2.21111499e+03,
       2.09734717e+03, 2.42482568e+03, 1.98465613e+03, 2.54716211e+03,
       1.73579651e+03, 2.55395850e+03, 1.58554163e+03, 2.56075488e+03,
       1.43059131e+03, 2.54036548e+03, 1.24277271e+03, 2.27454858e+03,
       7.35662598e+02, 2.03893799e+03, 6.88707947e+02, 1.79879651e+03,
       7.35662598e+02, 1.82145129e+03, 1.04212390e+03, 1.73536279e+03,
       1.05571680e+03, 1.66286731e+03, 1.11461951e+03, 1.73989380e+03,
       1.09649561e+03, 1.81692029e+03, 1.09196460e+03, 1.90753979e+03,
       1.09649561e+03, 2.13408838e+03, 1.09649561e+03, 2.21564600e+03,
       1.04665491e+03, 2.31079639e+03, 1.06024780e+03, 2.40594678e+03,
       1.11008850e+03, 2.30626538e+03, 1.09649561e+03, 2.22017700e+03,
       1.09196460e+03, 2.27001758e+03, 1.14180530e+03, 1.79879651e+03,
       1.14180530e+03, 1.88941589e+03, 1.23242480e+03, 1.84410620e+03,
       1.18711499e+03, 1.79879651e+03, 1.16899109e+03, 1.75801770e+03,
       1.18711499e+03, 1.71723889e+03, 1.22789380e+03, 1.75801770e+03,
       1.24601770e+03, 1.79879651e+03, 1.25507959e+03, 1.84410620e+03,
       1.25054871e+03, 1.80695215e+03, 1.20841064e+03, 2.27341602e+03,
       1.20999646e+03, 2.18392920e+03, 1.23242480e+03, 2.22923901e+03,
       1.18711499e+03, 2.27001758e+03, 1.16899109e+03, 2.31532739e+03,
       1.18711499e+03, 2.36063721e+03, 1.22336279e+03, 2.31985840e+03,
       1.25054871e+03, 2.27454858e+03, 1.25961060e+03, 2.22923901e+03,
       1.25054871e+03, 2.10690259e+03, 1.41819470e+03, 2.02987610e+03,
       1.41366370e+03, 1.95284961e+03, 1.41366370e+03, 1.95284961e+03,
       1.53146899e+03, 2.01628320e+03, 1.48162830e+03, 2.09784082e+03,
       1.53146899e+03, 2.17486719e+03, 1.50881421e+03, 2.13408838e+03,
       1.55865491e+03, 2.02534509e+03, 1.57677881e+03, 1.93019470e+03,
       1.55865491e+03, 1.89847791e+03, 1.50881421e+03, 1.85769910e+03,
       1.71723889e+03, 1.91660181e+03, 1.66739819e+03, 1.98909729e+03,
       1.65380530e+03, 2.02987610e+03, 1.65833630e+03, 2.07518579e+03,
       1.65380530e+03, 2.15674341e+03, 1.67192920e+03, 2.23830078e+03,
       1.72176990e+03, 2.12502661e+03, 1.69458411e+03, 2.03440710e+03,
       1.69005310e+03, 1.94831860e+03, 1.69005310e+03, 1.94831860e+03,
       1.71723889e+03, 2.03440710e+03, 1.72630090e+03, 2.12502661e+03,
       1.72176990e+03, 2.17486719e+03, 1.75348669e+03, 2.10690259e+03,
       1.75801770e+03, 2.02987610e+03, 1.76254871e+03, 1.96191150e+03,
       1.75348669e+03, 1.90753979e+03, 1.74895569e+03 ]
# Face feature points in 3d object space. Invalid points have zero coordinates
Point3f: !!opencv-matrix
   rows: 1
   cols: 77
   dt: "3f"
   data: [ -5.83543015e+01, 7.88069868e+00, 3.71237854e+02,
       -6.19743996e+01, 3.30814705e+01, 3.74214874e+02, -5.98614655e+01,
       5.33695030e+01, 3.76761444e+02, -5.70229836e+01, 7.29766235e+01,
       3.79983734e+02, -3.91648827e+01, 1.01696564e+02, 3.79330170e+02,
       -1.21297035e+01, 1.18299706e+02, 3.68816132e+02, 7.12110901e+00,
       1.22713432e+02, 3.68900696e+02, 2.59508686e+01, 1.20204285e+02,
       3.76675110e+02, 4.98652840e+01, 1.05022598e+02, 3.80487946e+02,
       7.15336533e+01, 7.25709000e+01, 3.75951721e+02, 7.41722412e+01,
       5.29623795e+01, 3.72962341e+02, 7.65267639e+01, 3.27043266e+01,
       3.70265930e+02, 7.26521530e+01, 8.05321407e+00, 3.67776459e+02,
       3.52923698e+01, -5.93560867e+01, 3.56651215e+02, 8.33534050e+00,
       -6.58724594e+01, 3.51365051e+02, -1.57397108e+01, -5.78619080e+01,
       3.65897797e+02, -2.13599682e+01, -1.68752880e+01, 3.46207550e+02,
       -3.34069595e+01, -1.53611345e+01, 3.48842346e+02, -4.32477036e+01,
       -8.00571823e+00, 3.53280182e+02, -3.34596596e+01, -9.86678791e+00,
       3.47796906e+02, -2.21186371e+01, -1.03161402e+01, 3.46605560e+02,
       -9.27547264e+00, -9.68671036e+00, 3.46792816e+02, 2.07995453e+01,
       -9.57765388e+00, 3.46797211e+02, 3.20829468e+01, -1.60746174e+01,
       3.46138763e+02, 4.56903915e+01, -1.43630791e+01, 3.47639038e+02,
       5.96883659e+01, -8.04871368e+00, 3.51292694e+02, 4.53287010e+01,
       -9.53150177e+00, 3.47267548e+02, 3.25580292e+01, -1.01707230e+01,
       3.47189941e+02, 4.07346420e+01, -3.36731362e+00, 3.45278473e+02,
       -2.57640018e+01, -3.56299496e+00, 3.44773010e+02, -1.15595455e+01,
       8.04241657e+00, 3.49608948e+02, -1.87358780e+01, 2.34689474e+00,
       3.46018951e+02, -2.59291573e+01, 4.22533341e-02, 3.44699677e+02,
       -3.17854805e+01, 2.26909685e+00, 3.46349487e+02, -3.61240005e+01,
       7.18529558e+00, 3.51439850e+02, -3.08544731e+01, 9.81169415e+00,
       3.49173340e+02, -2.52377644e+01, 1.11702156e+01, 3.47664093e+02,
       -1.83628883e+01, 1.05537968e+01, 3.48117676e+02, -2.40294838e+01,
       5.05954123e+00, 3.46972351e+02, 4.06251183e+01, 5.44195509e+00,
       3.47657684e+02, 2.70891495e+01, 8.11818695e+00, 3.50316742e+02,
       3.41119919e+01, 2.41834688e+00, 3.47337524e+02, 4.08417816e+01,
       2.31239423e-01, 3.45288971e+02, 4.74215736e+01, 2.51452589e+00,
       3.46816833e+02, 5.26015091e+01, 6.89857006e+00, 3.51546631e+02,
       4.74082451e+01, 1.07028418e+01, 3.49102936e+02, 4.08985748e+01,
       1.19862719e+01, 3.47931366e+02, 3.38728333e+01, 1.06834869e+01,
       3.48776703e+02, 1.85153885e+01, 3.38816719e+01, 3.37220947e+02,
       6.68325758e+00, 3.41927261e+01, 3.26815857e+02, -4.67779589e+00,
       3.29547539e+01, 3.39867584e+02, -5.49703455e+00, 4.89705658e+01,
       3.35258484e+02, 4.27605343e+00, 4.33997726e+01, 3.24438171e+02,
       1.73969479e+01, 4.90574608e+01, 3.35219543e+02, 2.78899384e+01,
       4.53080063e+01, 3.43818390e+02, 2.23695297e+01, 5.21661530e+01,
       3.40766144e+02, 5.97255850e+00, 5.47779846e+01, 3.37798401e+02,
       -8.35604668e+00, 5.20834618e+01, 3.40448364e+02, -1.25474625e+01,
       4.52237854e+01, 3.43131775e+02, -1.74727917e+01, 7.21006699e+01,
       3.50750275e+02, -1.02519712e+01, 6.62277679e+01, 3.43123810e+02,
       2.65833199e-01, 6.49641647e+01, 3.37695618e+02, 6.61764812e+00,
       6.56682281e+01, 3.36811127e+02, 1.37108421e+01, 6.50437393e+01,
       3.37361420e+02, 2.55111275e+01, 6.69116974e+01, 3.43626526e+02,
       3.53963318e+01, 7.26786575e+01, 3.53087585e+02, 2.10311642e+01,
       7.00775223e+01, 3.41632080e+02, 7.31465101e+00, 6.98048401e+01,
       3.37519073e+02, -5.77002001e+00, 6.94280930e+01, 3.41108856e+02,
       -5.73550177e+00, 7.29647598e+01, 3.41791443e+02, 7.29729843e+00,
       7.45736542e+01, 3.37845825e+02, 2.10485935e+01, 7.36666031e+01,
       3.41742340e+02, 2.75701962e+01, 7.73442459e+01, 3.47687561e+02,
       1.84282799e+01, 7.85571213e+01, 3.40638275e+02, 6.56828880e+00,
       7.93442154e+01, 3.38125244e+02, -3.82034016e+00, 7.78487091e+01,
       3.40939178e+02, -1.12276487e+01, 7.67239151e+01, 3.46370728e+02 ]
