%YAML:1.0
---
# Face tracker type: 0(Unknown) 1(ASM) 2(MT)
TrackerType: 1
ImageSize: [ 4096, 4096 ]
# Face feature points in image space. Invalid points have zero coordinates
Point2f: !!opencv-matrix
   rows: 1
   cols: 77
   dt: "2f"
   data: [ 1.50730383e+03, 1.24746814e+03, 1.48691443e+03,
       1.43998230e+03, 1.49371082e+03, 1.59493250e+03, 1.50050732e+03,
       1.74518750e+03, 1.62284363e+03, 1.96117883e+03, 1.87129199e+03,
       2.07856543e+03, 2.03440710e+03, 2.11143359e+03, 2.21111499e+03,
       2.09734717e+03, 2.42482568e+03, 1.98465613e+03, 2.54716211e+03,
       1.73579651e+03, 2.55395850e+03, 1.58554163e+03, 2.56075488e+03,
       1.43059131e+03, 2.54036548e+03, 1.24277271e+03, 2.27454858e+03,
       7.35662598e+02, 2.03893799e+03, 6.88707947e+02, 1.79879651e+03,
       7.35662598e+02, 1.82145129e+03, 1.04212390e+03, 1.73536279e+03,
       1.05571680e+03, 1.66286731e+03, 1.11461951e+03, 1.73989380e+03,
       1.09649561e+03, 1.81692029e+03, 1.09196460e+03, 1.90753979e+03,
       1.09649561e+03, 2.13408838e+03, 1.09649561e+03, 2.21564600e+03,
       1.04665491e+03, 2.31079639e+03, 1.06024780e+03, 2.40594678e+03,
       1.11008850e+03, 2.30626538e+03, 1.09649561e+03, 2.22017700e+03,
       1.09196460e+03, 2.27001758e+03, 1.14180530e+03, 1.79879651e+03,
       1.14180530e+03, 1.88941589e+03, 1.23242480e+03, 1.84410620e+03,
       1.18711499e+03, 1.79879651e+03, 1.16899109e+03, 1.75801770e+03,
       1.18711499e+03, 1.71723889e+03, 1.22789380e+03, 1.75801770e+03,
       1.24601770e+03, 1.79879651e+03, 1.25507959e+03, 1.84410620e+03,
       1.25054871e+03, 1.80695215e+03, 1.20841064e+03, 2.27341602e+03,
       1.20999646e+03, 2.18392920e+03, 1.23242480e+03, 2.22923901e+03,
       1.18711499e+03, 2.27001758e+03, 1.16899109e+03, 2.31532739e+03,
       1.18711499e+03, 2.36063721e+03, 1.22336279e+03, 2.31985840e+03,
       1.25054871e+03, 2.27454858e+03, 1.25961060e+03, 2.22923901e+03,
       1.25054871e+03, 2.10690259e+03, 1.41819470e+03, 2.02987610e+03,
       1.41366370e+03, 1.95284961e+03, 1.41366370e+03, 1.95284961e+03,
       1.53146899e+03, 2.01628320e+03, 1.48162830e+03, 2.09784082e+03,
       1.53146899e+03, 2.17486719e+03, 1.50881421e+03, 2.13408838e+03,
       1.55865491e+03, 2.02534509e+03, 1.57677881e+03, 1.93019470e+03,
       1.55865491e+03, 1.89847791e+03, 1.50881421e+03, 1.85769910e+03,
       1.71723889e+03, 1.91660181e+03, 1.66739819e+03, 1.98909729e+03,
       1.65380530e+03, 2.02987610e+03, 1.65833630e+03, 2.07518579e+03,
       1.65380530e+03, 2.15674341e+03, 1.67192920e+03, 2.23830078e+03,
       1.72176990e+03, 2.12502661e+03, 1.69458411e+03, 2.03440710e+03,
       1.69005310e+03, 1.94831860e+03, 1.69005310e+03, 1.94831860e+03,
       1.71723889e+03, 2.03440710e+03, 1.72630090e+03, 2.12502661e+03,
       1.72176990e+03, 2.17486719e+03, 1.75348669e+03, 2.10690259e+03,
       1.75801770e+03, 2.02987610e+03, 1.76254871e+03, 1.96191150e+03,
       1.75348669e+03, 1.90753979e+03, 1.74895569e+03 ]
# Face feature points in 3d object space. Invalid points have zero coordinates
Point3f: !!opencv-matrix
   rows: 1
   cols: 77
   dt: "3f"
   data: [ -6.71897278e+01, 1.43592682e+01, 6.37454185e+01,
       -7.07034760e+01, -1.07421141e+01, 5.99216957e+01, -6.85028992e+01,
       -3.09400368e+01, 5.67983665e+01, -6.55640564e+01, -5.04358215e+01,
       5.30358009e+01, -4.76737061e+01, -7.91427612e+01, 5.31798439e+01,
       -2.08343487e+01, -9.60314636e+01, 6.37406616e+01, -1.57832766e+00,
       -1.00419479e+02, 6.39219627e+01, 1.74046898e+01, -9.76521606e+01,
       5.66223602e+01, 4.13669090e+01, -8.23344116e+01, 5.37764549e+01,
       6.28800087e+01, -5.00137062e+01, 5.97569885e+01, 6.54218826e+01,
       -3.05033855e+01, 6.34010048e+01, 6.76847305e+01, -1.03351507e+01,
       6.67662659e+01, 6.37164917e+01, 1.42236195e+01, 6.99297028e+01,
       2.60167103e+01, 8.12185516e+01, 8.23370895e+01, -1.05568266e+00,
       8.75400391e+01, 8.72577133e+01, -2.48093414e+01, 7.99533463e+01,
       7.19873657e+01, -3.07669449e+01, 3.83751640e+01, 9.02892151e+01,
       -4.27538872e+01, 3.69294930e+01, 8.73586807e+01, -5.24874458e+01,
       2.97031116e+01, 8.24930801e+01, -4.28188057e+01, 3.14055748e+01,
       8.82337036e+01, -3.15058117e+01, 3.18305111e+01, 8.96744003e+01,
       -1.86604595e+01, 3.12211590e+01, 8.97356491e+01, 1.14082880e+01,
       3.11451416e+01, 9.03547592e+01, 2.26642838e+01, 3.76311378e+01,
       9.14472961e+01, 3.63029327e+01, 3.59813499e+01, 9.01791534e+01,
       5.03847885e+01, 2.97974815e+01, 8.66260147e+01, 3.59419632e+01,
       3.11402512e+01, 9.03945923e+01, 2.31713524e+01, 3.17628365e+01,
       9.02255783e+01, 3.13182068e+01, 2.49128628e+01, 9.20973892e+01,
       -3.51768036e+01, 2.50202866e+01, 9.12224808e+01, -2.08547573e+01,
       1.35844107e+01, 8.63298187e+01, -2.81140614e+01, 1.91591358e+01,
       8.99425354e+01, -3.53372040e+01, 2.14143085e+01, 9.11816940e+01,
       -4.11540794e+01, 1.92327957e+01, 8.93426208e+01, -4.53772621e+01,
       1.44705296e+01, 8.40144806e+01, -4.01514778e+01, 1.17815123e+01,
       8.63086700e+01, -3.45650330e+01, 1.03834114e+01, 8.78922577e+01,
       -2.76832867e+01, 1.10209808e+01, 8.76011963e+01, -3.33819847e+01,
       1.64712715e+01, 8.87962189e+01, 3.12734489e+01, 1.61807137e+01,
       8.94472198e+01, 1.78003712e+01, 1.35726328e+01, 8.64257355e+01,
       2.47498474e+01, 1.91859455e+01, 8.97241821e+01, 3.14317741e+01,
       2.13164482e+01, 9.19787064e+01, 3.80458641e+01, 1.90883560e+01,
       9.05189743e+01, 4.33306427e+01, 1.48573179e+01, 8.57658768e+01,
       3.80942688e+01, 1.09741125e+01, 8.79829102e+01, 3.15638733e+01,
       9.64819336e+00, 8.89786072e+01, 2.45549889e+01, 1.09686527e+01,
       8.80273895e+01, 9.00070763e+00, -1.25902834e+01, 9.85432510e+01,
       -3.04472876e+00, -1.32337074e+01, 1.08685020e+02, -1.41339808e+01,
       -1.16078472e+01, 9.54434662e+01, -1.50211725e+01, -2.77585564e+01,
       9.95408630e+01, -5.48491907e+00, -2.25120640e+01, 1.10728371e+02,
       7.86716318e+00, -2.78215981e+01, 1.00054291e+02, 1.85302277e+01,
       -2.37983398e+01, 9.17951202e+01, 1.29594126e+01, -3.07530270e+01,
       9.45197525e+01, -3.49119163e+00, -3.34726906e+01, 9.70635452e+01,
       -1.77662239e+01, -3.07136974e+01, 9.41994400e+01, -2.19127922e+01,
       -2.37794189e+01, 9.16410065e+01, -2.66320419e+01, -5.04149857e+01,
       8.31003647e+01, -1.95815926e+01, -4.47712173e+01, 9.10522919e+01,
       -9.18117142e+00, -4.36634483e+01, 9.67347488e+01, -2.84791803e+00,
       -4.43874092e+01, 9.77294159e+01, 4.25409508e+00, -4.37385635e+01,
       9.73465042e+01, 1.61853561e+01, -4.54003181e+01, 9.12743454e+01,
       2.62751808e+01, -5.08631592e+01, 8.18488770e+01, 1.16703682e+01,
       -4.86307983e+01, 9.30768967e+01, -2.12917829e+00, -4.84995575e+01,
       9.69095459e+01, -1.51369858e+01, -4.80270233e+01, 9.30610733e+01,
       -1.50821524e+01, -5.15410156e+01, 9.22711563e+01, -2.13147235e+00,
       -5.32561035e+01, 9.64363251e+01, 1.16963024e+01, -5.22147789e+01,
       9.28569489e+01, 1.83465118e+01, -5.57009544e+01, 8.69388962e+01,
       9.06206512e+00, -5.71397591e+01, 9.37555695e+01, -2.84624982e+00,
       -5.80166245e+01, 9.59955215e+01, -1.31766768e+01, -5.64467430e+01,
       9.30128784e+01, -2.04713459e+01, -5.51637421e+01, 8.74651947e+01 ]
